1123123
1123123
1123123
1123123
1123123
1123123
1123123
1123123
1123123
1123123
1123123
1123123
1123123
1123123
1123123
1123123
1123123
1123123
1123123
1123123
1123123
1123123
1123123
1123123
1123123
1123123
1123123
1123123
1123123
1123123
1123123
1123123
1123123
1123123
1123123
1123123
1123123
1123123
1123123
1123123
1123123
1123123
1123123
1123123
1123123
1123123
1123123
1123123
1123123
1123123
1123123
1123123
1123123
1123123
1123123
1123123
1123123
1123123
1123123
1123123
1123123
1123123
1123123
1123123
1123123
1123123
1123123
1123123
1123123
1123123
1123123
1123123
1123123
1123123
1123123
1123123
1123123
1123123
1123123
1123123
1123123
1123123
1123123
1123123
1123123
1123123
1123123
1123123
1123123
1123123
1123123
1123123
1123123
1123123
1123123
1123123
1123123
1123123
1123123
1123123
1123123
1123123
1123123
1123123
1123123
1123123
1123123
1123123
1123123
1123123
1123123
1123123
329999
